nret ielem jelem 
 80   3     3     
  5.382300000000E+00  6.231200000000E+00  3.119000000000E+00  3.981200000000E+00  4.828800000000E+00  
  3.705900000000E+00 -1.008800000000E+00 -3.005100000000E+00 -1.742000000000E+00 -1.741300000000E+00  
 -3.562200000000E+00 -4.779000000000E+00 -4.351500000000E+00 -3.274600000000E+00 -2.665700000000E+00  
 -2.590400000000E+00 -2.422600000000E+00 -1.795400000000E+00 -9.865300000000E-01 -3.783400000000E-01  
 -1.095600000000E-01 -3.031500000000E-02  1.021400000000E-01  3.752700000000E-01  6.278600000000E-01  
  6.928600000000E-01  5.945300000000E-01  4.957800000000E-01  4.979800000000E-01  5.549400000000E-01  
  5.593900000000E-01  4.858400000000E-01  3.876300000000E-01  3.274500000000E-01  3.156200000000E-01  
  3.190000000000E-01  2.951700000000E-01  2.442800000000E-01  1.947100000000E-01  1.696800000000E-01  
  1.613400000000E-01  1.507000000000E-01  1.281500000000E-01  1.028700000000E-01  8.209700000000E-02  
  6.736000000000E-02  5.528000000000E-02  4.438500000000E-02  3.159200000000E-02  1.868800000000E-02  
  6.697800000000E-03 -2.276000000000E-03 -9.709800000000E-03 -1.588700000000E-02 -2.240600000000E-02  
 -2.822800000000E-02 -3.395500000000E-02 -3.781700000000E-02 -3.982500000000E-02 -4.063300000000E-02  
 -4.276800000000E-02 -4.481800000000E-02 -4.566800000000E-02 -4.431900000000E-02 -4.299800000000E-02  
 -4.222700000000E-02 -4.209900000000E-02 -4.059100000000E-02 -3.830500000000E-02 -3.549900000000E-02  
 -3.367400000000E-02 -3.219700000000E-02 -3.069000000000E-02 -2.773800000000E-02 -2.470000000000E-02  
 -2.234600000000E-02 -2.132900000000E-02 -1.980600000000E-02 -1.743500000000E-02 -1.437500000000E-02 
nret ielem jelem 
 42   1     1     
  2.140800000000E+02  3.446900000000E+02  2.024700000000E+02  7.149500000000E+01 -3.436700000000E+01
 -1.084800000000E+02 -1.600500000000E+02 -1.740500000000E+02 -1.579100000000E+02 -1.342900000000E+02  
 -1.092400000000E+02 -7.791000000000E+01 -4.245500000000E+01 -1.156200000000E+01  8.570900000000E+00  
  1.899200000000E+01  2.430800000000E+01  2.742400000000E+01  2.761000000000E+01  2.393300000000E+01  
  1.727000000000E+01  1.022500000000E+01  5.079700000000E+00  2.349400000000E+00  7.421800000000E-01  
 -8.650900000000E-01 -2.355100000000E+00 -2.793400000000E+00 -1.859700000000E+00 -2.281600000000E-01  
  1.038800000000E+00  1.568300000000E+00  1.664100000000E+00  1.833100000000E+00  2.176400000000E+00  
  2.460300000000E+00  2.369600000000E+00  1.939000000000E+00  1.418500000000E+00  1.065200000000E+00  
  8.810300000000E-01  7.584100000000E-01 
nret ielem jelem 
 96   1     5     
 -1.289800000000E+03 -2.388500000000E+03 -1.974000000000E+03 -1.448100000000E+03 -8.619800000000E+02  
 -2.770200000000E+02  2.787800000000E+02  6.843800000000E+02  9.253000000000E+02  1.073200000000E+03  
  1.142300000000E+03  1.111400000000E+03  9.920400000000E+02  8.309400000000E+02  6.696700000000E+02  
  5.232300000000E+02  3.892200000000E+02  2.677500000000E+02  1.681800000000E+02  9.824400000000E+01  
  5.664200000000E+01  3.411200000000E+01  2.004600000000E+01  8.986500000000E+00  1.606700000000E+00  
 -9.390100000000E-01 -1.266400000000E+00 -4.075100000000E+00 -1.171400000000E+01 -2.242500000000E+01  
 -3.281100000000E+01 -4.126700000000E+01 -4.836700000000E+01 -5.514200000000E+01 -6.154500000000E+01  
 -6.649100000000E+01 -6.889500000000E+01 -6.881300000000E+01 -6.718200000000E+01 -6.488100000000E+01  
 -6.210400000000E+01 -5.865500000000E+01 -5.449800000000E+01 -4.997300000000E+01 -4.545200000000E+01  
 -4.113200000000E+01 -3.703700000000E+01 -3.311800000000E+01 -2.930800000000E+01 -2.562900000000E+01  
 -2.213600000000E+01 -1.888200000000E+01 -1.585900000000E+01 -1.304200000000E+01 -1.040000000000E+01  
 -7.944600000000E+00 -5.691600000000E+00 -3.678400000000E+00 -1.914500000000E+00 -3.697500000000E-01  
  9.996300000000E-01  2.181700000000E+00  3.151300000000E+00  3.909900000000E+00  4.506300000000E+00  
  4.977300000000E+00  5.330700000000E+00  5.550100000000E+00  5.651300000000E+00  5.664400000000E+00  
  5.624200000000E+00  5.536800000000E+00  5.393900000000E+00  5.187300000000E+00  4.945100000000E+00  
  4.697400000000E+00  4.451000000000E+00  4.181500000000E+00  3.881100000000E+00  3.571000000000E+00  
  3.288200000000E+00  3.034500000000E+00  2.788000000000E+00  2.526800000000E+00  2.261400000000E+00  
  2.015300000000E+00  1.808100000000E+00  1.626200000000E+00  1.446900000000E+00  1.259900000000E+00  
  1.083900000000E+00  9.363100000000E-01  8.173500000000E-01  7.048700000000E-01  5.876600000000E-01  
  4.717400000000E-01 
nret ielem jelem 
 96   5     1     
 -1.459600000000E+03 -2.365500000000E+03 -1.746600000000E+03 -1.385500000000E+03 -9.871500000000E+02  
 -4.362000000000E+02  3.699200000000E+02  8.311400000000E+02  8.910000000000E+02  9.670200000000E+02  
  1.127100000000E+03  1.172000000000E+03  1.029800000000E+03  8.108200000000E+02  6.335500000000E+02  
  5.163800000000E+02  4.102700000000E+02  2.850400000000E+02  1.656000000000E+02  8.366900000000E+01  
  4.763500000000E+01  3.907400000000E+01  3.143500000000E+01  1.285600000000E+01 -4.928100000000E+00  
 -8.681600000000E+00 -1.466100000000E+00  1.851100000000E+00 -7.335200000000E+00 -2.392300000000E+01  
 -3.705800000000E+01 -4.338700000000E+01 -4.681000000000E+01 -5.233700000000E+01 -6.042200000000E+01  
 -6.784800000000E+01 -7.072300000000E+01 -6.921800000000E+01 -6.613300000000E+01 -6.389200000000E+01  
 -6.208200000000E+01 -5.929000000000E+01 -5.488400000000E+01 -4.992200000000E+01 -4.520000000000E+01  
 -4.098400000000E+01 -3.702800000000E+01 -3.325600000000E+01 -2.939700000000E+01 -2.563300000000E+01  
 -2.204400000000E+01 -1.883300000000E+01 -1.585800000000E+01 -1.311200000000E+01 -1.044400000000E+01  
 -7.970600000000E+00 -5.633000000000E+00 -3.613000000000E+00 -1.903900000000E+00 -4.605800000000E-01  
  9.584300000000E-01  2.216800000000E+00  3.228700000000E+00  3.899400000000E+00  4.450800000000E+00  
  4.931400000000E+00  5.372500000000E+00  5.591800000000E+00  5.664300000000E+00  5.612900000000E+00  
  5.593600000000E+00  5.548300000000E+00  5.461100000000E+00  5.200600000000E+00  4.904800000000E+00  
  4.637900000000E+00  4.472800000000E+00  4.237900000000E+00  3.917400000000E+00  3.521700000000E+00  
  3.239200000000E+00  3.025600000000E+00  2.844100000000E+00  2.560600000000E+00  2.254100000000E+00  
  1.955600000000E+00  1.785800000000E+00  1.648100000000E+00  1.503700000000E+00  1.266000000000E+00  
  1.053300000000E+00  8.909000000000E-01  8.275800000000E-01  7.349100000000E-01  6.190400000000E-01  
  4.578800000000E-01 
nret ielem jelem 
 101  5     5     
  1.691600000000E+04  3.277500000000E+04  3.006700000000E+04  2.606600000000E+04  2.102400000000E+04  
  1.531800000000E+04  9.368600000000E+03  3.696300000000E+03 -1.371900000000E+03 -5.708000000000E+03  
 -9.220200000000E+03 -1.183800000000E+04 -1.356800000000E+04 -1.450400000000E+04 -1.478400000000E+04  
 -1.455600000000E+04 -1.395200000000E+04 -1.308900000000E+04 -1.206800000000E+04 -1.096900000000E+04  
 -9.855800000000E+03 -8.769900000000E+03 -7.731400000000E+03 -6.745700000000E+03 -5.813200000000E+03  
 -4.933800000000E+03 -4.106900000000E+03 -3.329600000000E+03 -2.597600000000E+03 -1.906600000000E+03  
 -1.256300000000E+03 -6.502300000000E+02 -9.500000000000E+01  4.035900000000E+02  8.427600000000E+02  
  1.223300000000E+03  1.546900000000E+03  1.815200000000E+03  2.028700000000E+03  2.188300000000E+03  
  2.296300000000E+03  2.357400000000E+03  2.377600000000E+03  2.363100000000E+03  2.319100000000E+03  
  2.250000000000E+03  2.159600000000E+03  2.051600000000E+03  1.929500000000E+03  1.797300000000E+03  
  1.658000000000E+03  1.514800000000E+03  1.370200000000E+03  1.226300000000E+03  1.085000000000E+03  
  9.477000000000E+02  8.155900000000E+02  6.898300000000E+02  5.713100000000E+02  4.608100000000E+02  
  3.587800000000E+02  2.655600000000E+02  1.812100000000E+02  1.057300000000E+02  3.888600000000E+01  
 -1.956900000000E+01 -7.002400000000E+01 -1.128400000000E+02 -1.485400000000E+02 -1.775800000000E+02  
 -2.005700000000E+02 -2.180400000000E+02 -2.305700000000E+02 -2.386700000000E+02 -2.428800000000E+02  
 -2.436700000000E+02 -2.415600000000E+02 -2.369600000000E+02 -2.303200000000E+02 -2.219800000000E+02  
 -2.123500000000E+02 -2.016900000000E+02 -1.903400000000E+02 -1.784900000000E+02 -1.664000000000E+02  
 -1.542000000000E+02 -1.421100000000E+02 -1.302600000000E+02 -1.187800000000E+02 -1.077300000000E+02  
 -9.717000000000E+01 -8.711700000000E+01 -7.764300000000E+01 -6.876100000000E+01 -6.053500000000E+01  
 -5.293400000000E+01 -4.596500000000E+01 -3.956700000000E+01 -3.375900000000E+01 -2.850100000000E+01  
 -2.380500000000E+01 
nret ielem jelem 
 53   6     6     
  2.577000000000E-14  4.332400000000E-14  1.688600000000E-14 -2.754500000000E-14 -9.781400000000E-14  
 -1.633800000000E-13  2.354900000000E-13  1.865400000000E-13 -2.422800000000E-13 -2.137000000000E-13  
  1.482900000000E-13  2.618500000000E-13  2.189800000000E-14 -2.004800000000E-13 -1.554600000000E-13  
  4.979900000000E-14  1.534800000000E-13  6.850500000000E-14 -6.666400000000E-14 -1.000800000000E-13  
 -2.089600000000E-14  6.875000000000E-14  7.102500000000E-14 -5.730600000000E-15 -6.875800000000E-14  
 -5.089700000000E-14  1.767400000000E-14  5.945700000000E-14  3.582400000000E-14 -1.778700000000E-14  
 -4.394200000000E-14 -2.417400000000E-14  1.207300000000E-14  2.851900000000E-14  1.522900000000E-14  
 -7.774700000000E-15 -1.688700000000E-14 -7.531500000000E-15  5.693500000000E-15  9.418300000000E-15  
  2.871100000000E-15 -4.321700000000E-15 -5.566000000000E-15 -1.520800000000E-15  2.569700000000E-15  
  3.783500000000E-15  1.727600000000E-15 -1.015400000000E-15 -2.359500000000E-15 -1.546800000000E-15  
 -8.173200000000E-17  9.357300000000E-16  8.004800000000E-16 
nret ielem jelem 
 42   2     2     
  2.136900000000E+02  3.448300000000E+02  2.030900000000E+02  7.159000000000E+01 -3.497400000000E+01  
 -1.094300000000E+02 -1.588000000000E+02 -1.729300000000E+02 -1.590200000000E+02 -1.355100000000E+02  
 -1.087600000000E+02 -7.674100000000E+01 -4.224400000000E+01 -1.235100000000E+01  7.920600000000E+00  
  1.920500000000E+01  2.496600000000E+01  2.770500000000E+01  2.729400000000E+01  2.346800000000E+01  
  1.715900000000E+01  1.053200000000E+01  5.422700000000E+00  2.361200000000E+00  4.578300000000E-01  
 -1.100900000000E+00 -2.308600000000E+00 -2.561300000000E+00 -1.712500000000E+00 -2.954000000000E-01  
  8.677200000000E-01  1.479500000000E+00  1.721000000000E+00  1.950000000000E+00  2.230900000000E+00  
  2.416700000000E+00  2.292100000000E+00  1.907400000000E+00  1.447300000000E+00  1.110700000000E+00  
  8.974400000000E-01  7.420200000000E-01 
nret ielem jelem 
 96   2     4     
  1.288400000000E+03  2.388300000000E+03  1.975300000000E+03  1.448800000000E+03  8.626100000000E+02  
  2.788700000000E+02 -2.835000000000E+02 -6.873100000000E+02 -9.199800000000E+02 -1.068900000000E+03  
 -1.145300000000E+03 -1.116500000000E+03 -9.923400000000E+02 -8.270100000000E+02 -6.668600000000E+02  
 -5.245600000000E+02 -3.924100000000E+02 -2.689700000000E+02 -1.665400000000E+02 -9.600800000000E+01  
 -5.619200000000E+01 -3.562600000000E+01 -2.164200000000E+01 -8.978600000000E+00 -2.460200000000E-01  
  1.998900000000E+00  9.771600000000E-01  2.956700000000E+00  1.106500000000E+01  2.281800000000E+01  
  3.366700000000E+01  4.166500000000E+01  4.801800000000E+01  5.450800000000E+01  6.126400000000E+01  
  6.673800000000E+01  6.933400000000E+01  6.901200000000E+01  6.704400000000E+01  6.461900000000E+01  
  6.197300000000E+01  5.870500000000E+01  5.462300000000E+01  5.004800000000E+01  4.545000000000E+01  
  4.108800000000E+01  3.700700000000E+01  3.311900000000E+01  2.932600000000E+01  2.563500000000E+01  
  2.212800000000E+01  1.886900000000E+01  1.586000000000E+01  1.305200000000E+01  1.041200000000E+01  
  7.942600000000E+00  5.678700000000E+00  3.662900000000E+00  1.912800000000E+00  3.785400000000E-01  
 -9.901600000000E-01 -2.182300000000E+00 -3.153400000000E+00 -3.908000000000E+00 -4.498100000000E+00  
 -4.973900000000E+00 -5.333000000000E+00 -5.555300000000E+00 -5.650100000000E+00 -5.660400000000E+00  
 -5.621200000000E+00 -5.541800000000E+00 -5.400100000000E+00 -5.189400000000E+00 -4.939400000000E+00  
 -4.694100000000E+00 -4.453500000000E+00 -4.188500000000E+00 -3.880700000000E+00 -3.564000000000E+00  
 -3.280100000000E+00 -3.035800000000E+00 -2.793900000000E+00 -2.530900000000E+00 -2.255700000000E+00  
 -2.007200000000E+00 -1.804600000000E+00 -1.633100000000E+00 -1.454700000000E+00 -1.261900000000E+00  
 -1.076700000000E+00 -9.305300000000E-01 -8.180400000000E-01 -7.132500000000E-01 -5.933600000000E-01  
 -4.716600000000E-01 
nret ielem jelem 
 95   4     2     
  1.266900000000E+03  2.354300000000E+03  1.960300000000E+03  1.474600000000E+03  9.903200000000E+02  
  5.265700000000E+02 -7.430600000000E+02 -1.025100000000E+03 -4.467100000000E+02 -6.380400000000E+02  
 -1.384400000000E+03 -1.582700000000E+03 -1.041600000000E+03 -4.856100000000E+02 -4.114700000000E+02  
 -6.343800000000E+02 -6.731700000000E+02 -3.773600000000E+02 -2.169400000000E+01  1.027600000000E+02  
 -1.695800000000E+01 -1.731800000000E+02 -1.674500000000E+02 -9.201400000000E+00  1.245100000000E+02  
  1.021500000000E+02 -2.151700000000E+01 -9.851100000000E+01 -5.253100000000E+01  5.215600000000E+01  
  1.081000000000E+02  8.027700000000E+01  2.310700000000E+01  3.162400000000E+00  3.700200000000E+01  
  8.529400000000E+01  1.032100000000E+02  8.326800000000E+01  5.479900000000E+01  4.444600000000E+01  
  5.412500000000E+01  6.539000000000E+01  6.523500000000E+01  5.447300000000E+01  4.276200000000E+01  
  3.567100000000E+01  3.427900000000E+01  3.427100000000E+01  3.222700000000E+01  2.703200000000E+01  
  2.146100000000E+01  1.724400000000E+01  1.522900000000E+01  1.358600000000E+01  1.148100000000E+01  
  8.244400000000E+00  5.144400000000E+00  2.774700000000E+00  1.958000000000E+00  1.073900000000E+00  
 -4.638700000000E-01 -2.622500000000E+00 -3.700000000000E+00 -3.961700000000E+00 -3.902700000000E+00  
 -4.740900000000E+00 -5.605600000000E+00 -6.053200000000E+00 -5.564500000000E+00 -5.263600000000E+00  
 -5.281800000000E+00 -5.876000000000E+00 -5.852000000000E+00 -5.275700000000E+00 -4.359100000000E+00  
 -4.358600000000E+00 -4.697600000000E+00 -4.866400000000E+00 -3.954200000000E+00 -3.043200000000E+00  
 -2.677200000000E+00 -3.254400000000E+00 -3.439400000000E+00 -2.985400000000E+00 -1.830600000000E+00  
 -1.312900000000E+00 -1.500600000000E+00 -2.224600000000E+00 -2.129200000000E+00 -1.403100000000E+00  
 -3.975100000000E-01 -3.455300000000E-01 -8.104100000000E-01 -1.381700000000E+00 -1.057500000000E+00 
nret ielem jelem 
 101  4     4     
  1.684700000000E+04  3.278500000000E+04  3.015800000000E+04  2.608800000000E+04  2.097500000000E+04  
  1.526500000000E+04  9.394400000000E+03  3.748200000000E+03 -1.368300000000E+03 -5.740200000000E+03  
 -9.241400000000E+03 -1.183300000000E+04 -1.355200000000E+04 -1.449400000000E+04 -1.478500000000E+04  
 -1.456200000000E+04 -1.395800000000E+04 -1.309100000000E+04 -1.206600000000E+04 -1.096700000000E+04  
 -9.854500000000E+03 -8.768600000000E+03 -7.729600000000E+03 -6.745100000000E+03 -5.815300000000E+03  
 -4.938000000000E+03 -4.110000000000E+03 -3.329000000000E+03 -2.593100000000E+03 -1.901200000000E+03  
 -1.253900000000E+03 -6.526900000000E+02 -1.006500000000E+02  3.986600000000E+02  8.418600000000E+02  
  1.226600000000E+03  1.551900000000E+03  1.818500000000E+03  2.028600000000E+03  2.185300000000E+03  
  2.292800000000E+03  2.355500000000E+03  2.378000000000E+03  2.365000000000E+03  2.321200000000E+03  
  2.251100000000E+03  2.159500000000E+03  2.050600000000E+03  1.928400000000E+03  1.796600000000E+03  
  1.658000000000E+03  1.515400000000E+03  1.370900000000E+03  1.226900000000E+03  1.085100000000E+03  
  9.474000000000E+02  8.151200000000E+02  6.894200000000E+02  5.711200000000E+02  4.608300000000E+02  
  3.589600000000E+02  2.657700000000E+02  1.813900000000E+02  1.058200000000E+02  3.890500000000E+01  
 -1.959500000000E+01 -7.003800000000E+01 -1.128600000000E+02 -1.485400000000E+02 -1.776000000000E+02  
 -2.006100000000E+02 -2.180900000000E+02 -2.306100000000E+02 -2.386900000000E+02 -2.428700000000E+02  
 -2.436500000000E+02 -2.415100000000E+02 -2.369100000000E+02 -2.302500000000E+02 -2.219300000000E+02  
 -2.123000000000E+02 -2.016800000000E+02 -1.903300000000E+02 -1.785000000000E+02 -1.664000000000E+02  
 -1.542300000000E+02 -1.421400000000E+02 -1.303000000000E+02 -1.188000000000E+02 -1.077300000000E+02  
 -9.715400000000E+01 -8.711300000000E+01 -7.764000000000E+01 -6.876900000000E+01 -6.052100000000E+01  
 -5.290800000000E+01 -4.592400000000E+01 -3.955300000000E+01 -3.376500000000E+01 -2.852800000000E+01  
 -2.381000000000E+01 
#
  